geneID	FL21	FL22	FL23	FL41	FL42	FL43	TR21	TR22	TR23	TR41	TR42	TR43
novel_gene_1015_5bd9a17a	3.8252669698132613	1.3497203804664974	3.271022481161344	2.836361907026251	0.026990913130223938	-1.283662825341579	5.694669470794245	5.435459609838388	4.836582015930199	2.5227611091081386	2.354935556878138	3.1249857770179204
novel_gene_1114_5bd9a17a	5.318441363413787	6.043788225403287	5.318447930522701	3.2285466270548846	3.1398741144984625	4.127113543980152	5.621208609277118	5.11844900951221	4.558037798695583	3.6073848290499355	2.00346742570749	3.003612166754862
novel_gene_2262_5bd9a17a	2.884008743048894	4.086975549713283	3.555072984291309	0.7296129531121013	3.4104808603142738	0.3522996348043743	4.6011943742368935	5.292868308101397	4.7610487677340245	3.054546566248319	2.381358633705707	2.7874894388556504
novel_gene_2568_5bd9a17a	-0.49768731065092486	1.3497203804664974	1.2010696795652749	6.373531343860679	3.269473101470467	3.620728413691894	2.206603310325642	1.4319698945874142	1.2460961982164172	5.290550256962111	4.212246279566164	5.10222391186732
novel_gene_2799_5bd9a17a	1.635238305217909	1.3497203804664974	0.7401439716086802	3.7662161205463223	2.6413494168875182	4.269611841007867	1.340808656681077	1.466500588074175	0.7870355730498629	4.245496968849767	4.154527580930988	4.024518860334581
novel_gene_3630_5bd9a17a	1.747871090217033	1.3497203804664974	1.1610797629597145	3.761466812181658	3.1158039910638538	3.0730600933190635	2.8726793120772625	2.372020756663196	2.0364340954331688	5.409400421246683	4.490251144924427	4.078979692602949
novel_gene_3867_5bd9a17a	5.232690219252652	4.3220848344615925	5.558145327157681	2.7369162126186226	3.7188448131272787	3.2668124364471454	3.7231808942977023	2.8302313412431923	3.9116627900304284	2.5320558661186108	1.7899371185793418	2.1763068815015294
novel_gene_549_5bda875f	3.7888375234950167	3.9648868912390456	3.759734678777507	1.8440758355387408	0.026990913130223938	2.181178796297119	3.6723379616480383	3.151727202889178	3.432831037939652	1.653021343458512	1.2526330299082669	0.9955424750636447
novel_gene_726_5bd9a17a	4.388236365371179	3.9612712424754344	3.7303150566085788	6.101184746596563	5.0067307712717	5.970556373571005	4.472743615211896	3.4002023709707196	3.138577765685218	4.971063215712058	4.4795601874902555	5.026495538271639
